1 39 122 1 40 124 0 21.5 107.7 1 21.3 109.6 1 20.3 110 1 20.3 
110.7 1 21.5 110.7 1 22.3 113.6 1 23.5 117 1 25 119 1 30 122 1 34 119 1 37.3 122.5 
1 37.6 121 1 37.2 119 1 38.2 118.7 1 38.7 117.5 1 41.3 122 1 41 122.3 1 39 122 
0 20 110 1 19.2 108.2 1 18.2 108.3 1 17.8 109.6 1 19.7 111 1 20 110 0 25 122.4 1 22 121
 1 23.5 120 1 25 121.5 1 25 122.4 *RUSSIA*0 67 190 1 71 170 1 71.5 160 1 72 140 1 80 110 1 78 100 1 70 67 1 67 40 1 70 30 1 62.5
 5 1 58 5 1 60 10.2 1 56 10.4 1 60 18 1 64 17 1 67 25 1 60 22 1 57 25 1 55 20 1 53 5 1 48 -4 1 46 -2 1 43 -3 
1 43 -10 1 37 -9 1 36 -7 1 38.5 0 1 40 0 1 42 3 1 43 10 1 40 16 1 38 16 1 38 13 1 37 16 1 40 18 1 44 12.5 
1 45 13 1 42 20 1 37 22 1 41 27 1 37 28 1 37 38 1 31 36 1 33 20 1 30 19 1 33 10 1 37 9 1 36 -5 1 38 -7 
1 20 -17 1 13 -17 1 4 -10 1 6 0 1 3 9 1 1 8.5 1 -10 13 1 -17 12 1 -34 19 1 -32.5 28 1 -28 33 1 -25.5 33 1 -24 36 
1 -18 37 1 -16 40 1 -4 39 1 3 47 1 11 51 1 10 43 1 14 40 1 28 33 1 28.5 34.5 1 17 42.5 1 12.5 43 1 15 52 
1 22 60 1 26 56 1 23 53 1 30 50 1 27 54 1 27 56 1 26 58 1 25 67 1 20 71 1 8 77 1 10 79 1 15 80 1 22 90 
1 16 95 1 17 97 1 8 98 1 2 103 1 4.5 102.5 1 10 99.5 1 13 100 1 8.5 106 1 11 109 1 19 106 1 21 108 
*KOREA*0 39.5 125 1 37.5 124.5 1 37 127 1 34 126.5 1 35 131 1 39 129 1 43 132.5 *RUSSIA*1 42.5 134 
1 48 140 1 53 141 1 54 137 1 59 143 1 59 153 1 62 159 1 61 161 1 62 164 1 60.5 163 1 57 157 1 50 158 
1 57 163 1 60 163 1 60 170 1 63 180 1 66 178 1 67 182 1 64 185 1 67 190 0 53 143 1 49 145 1 49.5 144 
1 46.5 144 1 46.5 143 1 53 143 *JAPAN*0 45 142 1 43 147 1 42 144 1 42 140 1 45 142 0 41 141 1 39 142 
1 35 141 1 33 137 1 34 137 1 33 132 1 34. 134 1 37 138 1 41 141 0 33 131.5 1 32 132 1 31 131 1 32.5 131.5 
1 33 131.5 *ESASIA*0 5 95 1 0 101.5 1 -2 101.5 1 -5 105 1 -3 105 1 1 103 1 5 97 1 5 95 0 2 108 1 2 110 1 7 117 1 0 119 1 -3 116 
1 -3 110 1 2 108 0 -1 120 1 -5 123 1 -1 123 1 -1 120 0 -1 130 1 4 133 1 -5 139 1 -8 138 1 -9 143 1 -8 144 
1 -10 147 1 -10 150 1 -3 144 1 -2 137 1 -3 133 1 -.5 132.5 1 -1 130 *AUSTRALIA*0 -11 142 1 -18 147 1 -24 153 
1 -31 153 1 -38 150 1 -37 140 1 -32.5 134 1 -31 130 1 -33 123 1 -34 116 1 -30 116.5 1 -22 113 1 -14 127 1 -15 128 1 -11 132 1 -12 136 1 -15 135.5 
1 -17.5 140 1 -11 142 0 -41 146 1 -41 149 1 -44 147 1 -41 146 *NAMERICA*0 73 -160 1 72 -142 1 73 -130 
1 75 -90 1 66 -82 1 60 -93 1 55 -82 1 52 -80 1 55 -79 1 58 -76 1 63 -78 1 60 -65 1 52 -56 1 42 -70 1 38 -74 
1 35 -74 1 32 -81 1 27 -80 1 24.5 -82 1 30 -83 1 30 -95 1 27 -97 1 20 -97 1 18 -94 1 19 -91 1 20.5 -90 1 21 -87 
1 15 -88 1 14 -84 1 10 -83 1 8 -77 1 12 -71 1 5 -52 1 0 -50 1 -4 -34 1 -7 -34 1 -8 -34 1 -12 -38 1 -22 -41 1 -23 -47.5 1 -30 -50 1 -42 -63 
1 -50 -68 1 -55 -65 1 -55 -68 1 -50 -73.5 1 -38 -73 1 -18 -70 1 -13 -77 1 -4 -81 1 9 -78 1 10 -85 1 13 -87 1 17 -94 
1 16 -96 1 19 -105 1 32 -112 1 32.5 -113.5 1 22.5 -109 1 24 -110 1 33 -117 1 37.6 -122 1 49 -124 1 60 -140 
1 61 -150 1 55 -162 1 59 -157 1 59 -164 1 62 -166 1 73 -160 *ANTACTIC*0 -72 0 1 -69 35 1 -67 55 1 -67 71 1 -73 70 
1 -73 73 1 -67 80 1 -66 90 1 -67 110 1 -66 135 1 -71 170 1 -80 160 1 -85 200 1 -81 192 1 -81 195 1 -80 197 1 -77 190 
1 -74 230 1 -75 260 1 -72 260 1 -73 287 1 -68 287 1 -63 307 1 -68 291 1 -74 300 1 -77 285 1 -79 280 1 -83 300 
1 -80 330 1 -77 322 1 -71 347 1 -72 0 *GREENLAND*0 60 -43 1 67 -40 1 72 -22 1 82 -20 1 80 -15 1 82 -30 1 81 -60 
1 76 -70 1 73 -69 1 75 -60 1 70 -52 1 67 -52 1 62 -46 1 60 -43 *PACIFIC*0 20 -155 1 21 -154 1 20 -153 1 20 -155 
0 -5 180 1 -6 180 0 -15 170 1 -14.5 170 0 -22 185 1 -23 186 *MDJSJ*0 -12 50 1 -15 51 1 -25 47 1 -26 45 1 -22 43.5 
1 -19 44.5 1 -16 45 1 -14 48 1 -12 50 *NEWZEALAND*0 -46 166 1 -47 169 1 -42 173 1 -41 171 1 -46 166 0 -42 175 
1 -38 178 1 -38.5 176.5 1 -35 173 1 -38 175 1 -40 174 1 -40.5 175 1 -42 175 
 